1,4.5,2,713.0
1,4.5,2,641.0
1,4.5,2,569.0
1,4.5,2,497.0
1,4.5,2,425.0
1,4.5,2,353.0
1,4.5,2,281.0
1,4.5,2,209.0
1,4.5,2,137.0
1,4.5,0,128.0
1,4.5,2,182.0
1,4.5,0,119.0
1,4.5,0,128.0
1,4.5,0,137.0
1,4.5,0,105.5
1,4.5,2,371.0
1,4.5,2,299.0
1,4.5,2,227.0
1,4.5,2,155.0
1,4.5,0,128.0
1,4.5,0,101.0
1,4.5,0,132.5
1,4.5,0,155.0
1,4.5,2,173.0
1,4.5,0,110.0
1,5.0,0,100.0
1,5.0,0,125.0
1,5.0,2,600.0
1,5.0,2,520.0
1,5.0,2,440.0
1,5.0,2,360.0
1,5.0,2,280.0
1,5.0,2,200.0
1,5.0,0,135.0
1,5.0,2,610.0
1,5.0,2,530.0
1,5.0,2,450.0
1,5.0,2,370.0
1,5.0,2,290.0
1,5.0,2,210.0
1,5.0,0,175.0
1,5.0,0,125.0
1,5.0,2,390.0
1,5.0,2,310.0
1,5.0,2,230.0
1,5.0,0,175.0
1,5.0,0,145.0
1,5.0,2,195.0
1,5.0,2,115.0
1,5.0,0,95.0
1,5.0,0,175.0
1,5.0,0,170.0
1,5.5,0,158.0
1,5.5,0,174.5
1,5.5,0,163.5
1,5.5,2,598.0
1,5.5,2,510.0
1,5.5,2,422.0
1,5.5,2,334.0
1,5.5,2,246.0
1,5.5,0,163.5
1,5.5,0,163.5
1,5.5,0,235.0
1,5.5,0,136.0
1,5.5,2,295.5
1,5.5,2,207.5
1,5.5,0,141.5
1,5.5,0,125.0
1,5.5,2,224.0
1,5.5,0,136.0
1,6.0,2,271.5
1,6.0,2,175.5
1,6.0,0,103.5
1,6.0,0,371.0
1,3.0,2,737.0
1,3.0,2,689.0
1,3.0,2,641.0
1,3.0,0,605.0
1,3.0,2,383.0
1,3.0,2,335.0
1,3.0,2,287.0
1,3.0,2,239.0
1,3.0,2,191.0
1,3.0,2,143.0
1,3.0,2,95.0
1,3.0,0,83.0
1,3.0,2,296.0
1,3.0,2,248.0
1,3.0,2,200.0
1,3.0,2,152.0
1,3.0,2,104.0
1,3.0,0,83.0
1,3.0,2,248.0
1,3.0,2,200.0
1,3.0,2,152.0
1,3.0,2,104.0
1,3.0,0,77.0
1,3.0,2,143.0
1,3.0,2,95.0
1,3.0,0,80.0
1,3.0,2,485.0
1,3.0,2,437.0
1,3.0,2,389.0
1,3.0,2,341.0
1,3.0,2,293.0
1,3.0,2,245.0
1,3.0,2,197.0
1,3.0,2,149.0
1,3.0,2,101.0
1,3.0,0,65.0
1,3.0,2,452.0
1,3.0,2,404.0
1,3.0,2,356.0
1,3.0,2,308.0
1,3.0,2,260.0
1,3.0,2,212.0
1,3.0,2,164.0
1,3.0,2,116.0
1,3.0,2,68.0
1,3.0,0,62.0
1,3.0,2,455.0
1,3.0,2,407.0
1,3.0,2,359.0
1,3.0,2,311.0
1,3.0,2,263.0
1,3.0,2,215.0
1,3.0,2,167.0
1,3.0,2,119.0
1,3.0,0,77.0
1,3.0,2,572.0
1,3.0,2,524.0
1,3.0,2,476.0
1,3.0,2,428.0
1,3.0,2,380.0
1,3.0,2,332.0
1,3.0,2,284.0
1,3.0,2,236.0
1,3.0,2,188.0
1,3.0,2,140.0
1,3.0,2,92.0
1,3.0,0,68.0
1,3.0,2,146.0
1,3.0,2,98.0
1,3.0,0,53.0
1,3.0,2,569.0
1,3.0,2,521.0
1,3.0,2,473.0
1,3.0,2,425.0
1,3.0,2,377.0
1,3.0,2,329.0
1,3.0,2,281.0
1,3.0,2,233.0
1,3.0,2,185.0
1,3.0,2,137.0
1,3.0,2,89.0
1,3.0,0,83.0
1,3.5,2,300.0
1,3.5,2,244.0
1,3.5,2,188.0
1,3.5,2,132.0
1,3.5,0,118.0
1,3.5,0,123.5
1,3.5,2,382.5
1,3.5,2,326.5
1,3.5,2,270.5
1,3.5,2,214.5
1,3.5,2,158.5
1,3.5,2,102.5
1,3.5,0,95.5
1,3.5,2,599.5
1,3.5,2,543.5
1,3.5,2,487.5
1,3.5,2,431.5
1,3.5,2,375.5
1,3.5,2,319.5
1,3.5,2,263.5
1,3.5,2,207.5
1,3.5,2,151.5
1,3.5,2,95.5
1,3.5,0,92.0
1,3.5,2,312.5
1,3.5,2,256.5
1,3.5,2,200.5
1,3.5,2,144.5
1,3.5,0,116.5
1,3.5,2,410.5
1,3.5,2,354.5
1,3.5,2,298.5
1,3.5,2,242.5
1,3.5,2,186.5
1,3.5,2,130.5
1,3.5,0,106.0
1,3.5,2,627.5
1,3.5,2,571.5
1,3.5,2,515.5
1,3.5,2,459.5
1,3.5,2,403.5
1,3.5,2,347.5
1,3.5,2,291.5
1,3.5,2,235.5
1,3.5,2,179.5
1,3.5,2,123.5
1,3.5,0,106.0
1,3.5,2,260.0
1,3.5,2,204.0
1,3.5,2,148.0
1,3.5,0,109.5
1,3.5,2,246.0
1,3.5,2,190.0
1,3.5,2,134.0
1,3.5,2,78.0
1,3.5,0,67.5
1,3.5,2,260.0
1,3.5,2,204.0
1,3.5,2,148.0
1,3.5,2,92.0
1,3.5,0,78.0
1,4.0,2,665.0
1,4.0,2,601.0
1,4.0,2,537.0
1,4.0,2,473.0
1,4.0,2,409.0
1,4.0,2,345.0
1,4.0,2,281.0
1,4.0,2,217.0
1,4.0,2,153.0
1,4.0,0,105.0
1,4.0,2,157.0
1,4.0,0,97.0
1,4.0,0,145.0
1,4.0,2,357.0
1,4.0,2,293.0
1,4.0,2,229.0
1,4.0,2,165.0
1,4.0,0,133.0
1,4.0,0,69.0
1,4.0,2,237.0
1,4.0,2,173.0
1,4.0,2,109.0
1,4.0,0,101.0
1,4.0,2,273.0
1,4.0,2,209.0
1,4.0,2,145.0
1,4.0,0,109.0
1,4.0,2,573.0
1,4.0,2,509.0
1,4.0,2,445.0
1,4.0,2,381.0
1,4.0,2,317.0
1,4.0,2,253.0
1,4.0,2,189.0
1,4.0,0,125.0
1,4.0,2,165.0
1,4.0,0,141.0
1,4.0,2,149.0
1,4.0,2,85.0
1,4.0,0,81.0
1,4.5,2,539.0
1,4.5,2,467.0
1,4.5,2,395.0
1,4.5,2,323.0
1,4.5,2,251.0
1,4.5,2,179.0
1,4.5,2,107.0
1,4.5,0,102.5
1,4.5,2,690.5
1,4.5,2,618.5
1,4.5,2,546.5
1,4.5,2,474.5
1,4.5,2,402.5
1,4.5,2,330.5
1,4.5,2,258.5
1,4.5,2,186.5
1,4.5,2,114.5
1,4.5,0,92.0
1,4.5,0,105.5
1,4.5,2,605.0
1,4.5,2,533.0
1,4.5,2,461.0
1,4.5,2,389.0
1,4.5,2,317.0
1,4.5,2,245.0
1,4.5,2,173.0
1,4.5,2,101.0
1,4.5,0,92.0
1,4.5,0,114.5
1,4.5,0,173.0
1,4.5,2,600.5
1,4.5,2,528.5
1,4.5,2,456.5
1,4.5,2,384.5
1,4.5,2,312.5
1,4.5,2,240.5
1,4.5,2,168.5
1,4.5,0,110.0
1,4.5,2,254.0
1,4.5,2,182.0
1,4.5,2,110.0
1,4.5,0,101.0
1,4.5,0,159.5
1,4.5,0,150.5
1,5.0,2,640.0
1,5.0,2,560.0
1,5.0,2,480.0
1,5.0,2,400.0
1,5.0,2,320.0
1,5.0,2,240.0
1,5.0,2,160.0
1,5.0,2,80.0
1,5.0,0,65.0
1,5.0,2,310.0
1,5.0,2,230.0
1,5.0,2,150.0
1,5.0,0,130.0
1,5.0,0,65.0
1,5.0,0,125.0
1,5.0,2,115.0
1,5.0,0,110.0
1,5.0,2,540.0
1,5.0,2,460.0
1,5.0,2,380.0
1,5.0,2,300.0
1,5.0,2,220.0
1,5.0,2,140.0
1,5.0,0,130.0
1,5.0,2,600.0
1,5.0,2,520.0
1,5.0,2,440.0
1,5.0,2,360.0
1,5.0,2,280.0
1,5.0,2,200.0
1,5.0,2,120.0
1,5.0,0,105.0
1,5.0,0,115.0
1,5.0,2,235.0
1,5.0,2,155.0
1,5.0,0,135.0
1,5.0,0,100.0
1,5.5,0,81.0
1,5.5,0,105.5
1,5.5,0,86.5
1,5.5,2,372.5
1,5.5,2,284.5
1,5.5,0,213.0
1,5.5,0,141.5
1,5.5,0,141.5
1,5.5,2,581.5
1,5.5,2,493.5
1,5.5,2,405.5
1,5.5,2,317.5
1,5.5,2,229.5
1,5.5,2,141.5
1,5.5,0,136.0
1,5.5,2,213.0
1,5.5,0,130.5
1,5.5,0,174.5
1,5.5,0,152.5
1,6.0,0,78.5
1,6.0,0,135.0
1,6.0,0,137.0
1,6.0,2,557.0
1,6.0,2,461.0
1,6.0,2,365.0
1,6.0,2,269.0
1,6.0,2,173.0
1,6.0,0,149.0
1,6.0,0,161.0
1,6.0,2,233.0
1,6.0,0,137.0
1,6.0,2,197.0
1,6.0,0,125.0
1,6.0,2,503.0
1,6.0,2,407.0
1,6.0,2,311.0
1,6.0,2,215.0
1,6.0,2,119.0
1,6.0,0,95.0
1,6.0,2,425.0
1,6.0,2,329.0
1,6.0,2,233.0
1,6.0,0,143.0
1,6.0,0,161.0
1,6.5,2,210.0
1,6.5,0,132.0
1,6.5,2,174.0
1,6.5,0,122.0
1,6.5,0,115.5
1,6.5,2,427.5
1,6.5,2,323.5
1,6.5,2,219.5
1,6.5,0,115.5
1,6.5,2,336.5
1,6.5,2,232.5
1,6.5,0,174.0
1,6.5,2,460.0
1,6.5,2,356.0
1,6.5,2,252.0
1,6.5,0,148.0
1,6.5,0,141.5
1,6.5,2,629.0
1,6.5,2,525.0
1,6.5,2,421.0
1,6.5,2,317.0
1,6.5,2,213.0
1,6.5,0,206.5
1,6.5,2,505.5
1,6.5,2,401.5
1,6.5,2,297.5
1,6.5,2,193.5
1,6.5,0,148.0
1,6.5,0,102.5
1,7.0,2,256.0
1,7.0,0,193.0
1,7.0,0,204.0
1,7.0,2,582.0
1,7.0,2,470.0
1,7.0,2,358.0
1,7.0,2,246.0
1,7.0,0,162.0
1,7.0,0,134.0
1,7.0,0,134.0
1,7.0,0,169.0
1,7.0,2,603.0
1,7.0,2,491.0
1,7.0,2,379.0
1,7.0,2,267.0
1,7.0,2,155.0
1,7.0,0,141.0
1,7.0,0,155.0
1,7.0,0,225.0
1,7.0,0,246.0
1,7.5,0,170.0
1,7.5,2,200.0
1,7.5,0,185.0
1,7.5,0,252.5
1,7.5,2,312.5
1,7.5,2,192.5
1,7.5,0,155.0
1,7.5,2,440.0
1,7.5,2,320.0
1,7.5,0,222.5
1,7.5,2,650.0
1,7.5,2,530.0
1,7.5,2,410.0
1,7.5,2,290.0
1,7.5,0,177.5
1,7.5,0,117.5
1,7.5,2,575.0
1,7.5,2,455.0
1,7.5,2,335.0
1,7.5,2,215.0
1,7.5,0,170.0
1,7.5,2,425.0
1,7.5,2,305.0
1,7.5,2,185.0
1,7.5,0,170.0
1,7.5,0,200.0
1,8.0,2,394.5
1,8.0,2,266.5
1,8.0,2,138.5
1,8.0,0,122.5
1,8.0,2,321.0
1,8.0,2,193.0
1,8.0,0,153.0
1,8.0,0,257.0
1,8.0,2,329.0
1,8.0,2,201.0
1,8.0,0,137.0
1,8.0,0,297.0
